Frame	Phase
0	7
1	7
2	7
3	7
4	7
5	7
6	7
7	7
8	7
9	7
10	7
11	7
12	7
13	7
14	26
15	26
16	26
17	26
18	26
19	26
20	26
21	26
22	26
23	26
24	26
25	26
26	34
27	34
28	34
29	34
30	34
31	34
32	34
33	34
34	34
35	34
36	26
37	26
38	26
39	26
40	26
41	26
42	5
43	5
44	5
45	5
46	5
47	5
48	5
49	5
50	5
51	5
52	5
53	5
54	5
55	5
56	5
57	5
58	5
59	5
60	5
61	5
62	5
63	5
64	5
65	5
66	5
67	5
68	5
69	5
70	5
71	5
72	5
73	5
74	5
75	5
76	5
77	5
78	5
79	5
80	5
81	5
82	5
83	5
84	5
85	5
86	5
87	5
88	5
89	5
90	5
91	5
92	5
93	5
94	5
95	5
96	5
97	5
98	5
99	5
100	5
101	5
102	5
103	5
104	5
105	5
106	5
107	5
108	5
109	34
110	34
111	34
112	34
113	34
114	34
115	34
116	34
117	34
118	34
119	34
120	34
121	5
122	5
123	5
124	5
125	5
126	5
127	5
128	5
129	5
130	12
131	12
132	12
133	12
134	12
135	12
136	12
137	12
138	12
139	12
140	12
141	12
142	12
143	12
144	12
145	12
146	12
147	12
148	12
149	12
150	26
151	26
152	26
153	26
154	26
155	26
156	26
157	26
158	26
159	26
160	26
161	26
162	26
163	26
164	26
165	26
166	26
167	26
168	26
169	26
170	26
171	26
172	26
173	26
174	26
175	26
176	26
177	26
178	26
179	26
180	34
181	34
182	34
183	34
184	34
185	34
186	34
187	34
188	34
189	34
190	34
191	34
192	34
193	34
194	34
195	34
196	34
197	26
198	26
199	26
200	26
201	26
202	26
203	26
204	26
205	26
206	26
207	26
208	26
209	26
210	26
211	26
212	26
213	18
214	18
215	18
216	18
217	18
218	18
219	18
220	18
221	18
222	18
223	18
224	18
225	18
226	18
227	18
228	18
229	18
230	18
231	18
232	18
233	18
234	18
235	18
236	18
237	18
238	18
239	18
240	18
241	18
242	18
243	18
244	18
245	18
246	18
247	18
248	18
249	18
250	18
251	18
252	18
253	18
254	18
255	18
256	18
257	18
258	18
259	18
260	18
261	18
262	18
263	18
264	18
265	18
266	18
267	18
268	18
269	18
270	18
271	18
272	18
273	18
274	18
275	18
276	18
277	18
278	18
279	18
280	18
281	18
282	18
283	18
284	18
285	18
286	18
287	18
288	18
289	18
290	18
291	18
292	18
293	18
294	18
295	18
296	18
297	18
298	18
299	18
300	18
301	18
302	18
303	18
304	18
305	18
306	18
307	18
308	18
309	18
310	18
311	18
312	18
313	18
314	18
315	18
316	18
317	18
318	18
319	18
320	18
321	18
322	18
323	18
324	18
325	18
326	18
327	18
328	18
329	18
330	18
331	18
332	18
333	18
334	18
335	18
336	18
337	18
338	18
339	18
340	18
341	18
342	18
343	18
344	18
345	18
346	18
347	18
348	18
349	18
350	18
351	18
352	18
353	18
354	18
355	18
356	18
357	18
358	18
359	18
360	18
361	18
362	18
363	18
364	18
365	18
366	18
367	18
368	18
369	18
370	18
371	18
372	18
373	18
374	18
375	18
376	18
377	18
378	18
379	18
380	18
381	18
382	18
383	18
384	18
385	18
386	18
387	18
388	18
389	18
390	18
391	18
392	18
393	18
394	18
395	18
396	18
397	18
398	18
399	18
400	18
401	18
402	18
403	18
404	18
405	5
406	5
407	5
408	5
409	5
410	5
411	5
412	5
413	5
414	5
415	5
416	5
417	5
418	5
419	5
420	5
421	5
422	5
423	5
424	5
425	5
426	5
427	5
428	5
429	5
430	5
431	5
432	5
433	5
434	18
435	18
436	18
437	18
438	18
439	18
440	18
441	18
442	18
443	34
444	34
445	34
446	34
447	34
448	34
449	34
450	34
451	26
452	26
453	26
454	26
455	26
456	26
457	26
458	26
459	26
460	26
461	26
462	26
463	26
464	26
465	26
466	26
467	26
468	26
469	26
470	26
471	26
472	26
473	26
474	26
475	26
476	18
477	18
478	18
479	18
480	18
481	18
482	18
483	18
484	18
485	18
486	18
487	18
488	18
489	18
490	18
491	18
492	18
493	18
494	18
495	18
496	18
497	18
498	18
499	18
500	18
501	18
502	18
503	18
504	18
505	18
506	18
507	18
508	18
509	18
510	26
511	26
512	26
513	26
514	26
515	26
516	26
517	26
518	26
519	1
520	1
521	1
522	1
523	1
524	1
525	1
526	1
527	13
528	13
529	13
530	13
531	13
532	13
533	13
534	13
535	13
536	13
537	13
538	13
539	13
540	10
541	10
542	10
543	10
544	10
545	10
546	10
547	10
548	10
549	10
550	10
551	10
552	10
553	10
554	10
555	10
556	10
557	10
558	10
559	10
560	10
561	10
562	10
563	10
564	10
565	10
566	10
567	10
568	10
569	10
570	10
571	10
572	10
573	10
574	10
575	10
576	10
577	10
578	10
579	10
580	10
581	10
582	10
583	10
584	13
585	13
586	13
587	13
588	13
589	13
590	13
591	13
592	13
593	13
594	13
595	13
596	13
597	13
598	13
599	13
600	13
601	13
602	13
603	13
604	13
605	34
606	34
607	34
608	34
609	34
610	34
611	34
612	34
613	14
614	14
615	14
616	14
617	14
618	14
619	14
620	14
621	14
622	14
623	14
624	14
625	14
626	14
627	14
628	14
629	14
630	14
631	14
632	14
633	14
634	14
635	14
636	14
637	14
638	14
639	14
640	14
641	14
642	14
643	14
644	33
645	33
646	33
647	33
648	33
649	33
650	33
651	33
652	33
653	33
654	33
655	33
656	33
657	33
658	33
659	33
660	33
661	33
662	33
663	33
664	33
665	33
666	33
667	33
668	33
669	33
670	33
671	33
672	33
673	33
674	33
675	33
676	33
677	33
678	33
679	33
680	33
681	33
682	33
683	33
684	33
685	33
686	33
687	33
688	33
689	33
690	33
691	33
692	33
693	33
694	33
695	33
696	33
697	33
698	33
699	33
700	33
701	33
702	33
703	33
704	33
705	33
706	33
707	33
708	33
709	33
710	33
711	33
712	33
713	33
714	33
715	33
716	33
717	33
718	33
719	33
720	33
721	13
722	13
723	13
724	13
725	13
726	13
727	13
728	13
729	1
730	1
731	1
732	1
733	1
734	1
735	1
736	1
737	1
738	1
739	1
740	13
741	13
742	13
743	13
744	13
745	13
746	13
747	13
748	13
749	13
750	13
751	13
752	13
753	13
754	13
755	13
756	13
757	13
758	13
759	13
760	13
761	13
762	13
763	13
764	13
765	13
766	13
767	13
768	13
769	13
770	13
771	13
772	13
773	13
774	13
775	13
776	13
777	13
778	13
779	13
780	13
781	13
782	13
783	13
784	13
785	13
786	13
787	13
788	13
789	13
790	13
791	13
792	13
793	13
794	13
795	13
796	13
797	13
798	13
799	13
800	13
801	13
802	13
803	13
804	13
805	13
806	13
807	13
808	13
809	13
810	13
